# Jomathan Jimenez
#Project 1 08/29/2022

die <- 1:6
